0	13.8154
0.0025	13.8155
0.005	13.8156
0.0075	13.8158
0.01	13.8161
0.0125	13.8164
0.015	13.8168
0.0175	13.8173
0.02	13.8179
0.0225	13.8186
0.025	13.8193
0.0275	13.8201
0.03	13.821
0.0325	13.822
0.035	13.823
0.0375	13.8241
0.04	13.8253
0.0425	13.8266
0.045	13.828
0.0475	13.8294
0.05	13.8309
0.0525	13.8325
0.055	13.8341
0.0575	13.8359
0.06	13.8377
0.0625	13.8396
0.065	13.8416
0.0675	13.8436
0.07	13.8458
0.0725	13.848
0.075	13.8503
0.0775	13.8526
0.08	13.8551
0.0825	13.8576
0.085	13.8602
0.0875	13.8629
0.09	13.8656
0.0925	13.8685
0.095	13.8714
0.0975	13.8744
0.1	13.8775
0.1025	13.8806
0.105	13.8839
0.1075	13.8872
0.11	13.8906
0.1125	13.8941
0.115	13.8976
0.1175	13.9013
0.12	13.905
0.1225	13.9088
0.125	13.9126
0.1275	13.9166
0.13	13.9206
0.1325	13.9248
0.135	13.929
0.1375	13.9333
0.14	13.9376
0.1425	13.9421
0.145	13.9466
0.1475	13.9512
0.15	13.9559
0.1525	13.9607
0.155	13.9655
0.1575	13.9705
0.16	13.9755
0.1625	13.9806
0.165	13.9858
0.1675	13.9911
0.17	13.9964
0.1725	14.0019
0.175	14.0074
0.1775	14.013
0.18	14.0187
0.1825	14.0245
0.185	14.0303
0.1875	14.0363
0.19	14.0423
0.1925	14.0484
0.195	14.0546
0.1975	14.0609
0.2	14.0673
0.2025	14.0737
0.205	14.0803
0.2075	14.0869
0.21	14.0936
0.2125	14.1004
0.215	14.1073
0.2175	14.1143
0.22	14.1214
0.2225	14.1285
0.225	14.1358
0.2275	14.1431
0.23	14.1505
0.2325	14.158
0.235	14.1656
0.2375	14.1733
0.24	14.181
0.2425	14.1889
0.245	14.1968
0.2475	14.2049
0.25	14.213
0.2525	14.2212
0.255	14.2295
0.2575	14.2379
0.26	14.2464
0.2625	14.255
0.265	14.2636
0.2675	14.2724
0.27	14.2812
0.2725	14.2902
0.275	14.2992
0.2775	14.3083
0.28	14.3175
0.2825	14.3268
0.285	14.3362
0.2875	14.3457
0.29	14.3553
0.2925	14.365
0.295	14.3747
0.2975	14.3846
0.3	14.3945
0.3025	14.4046
0.305	14.4147
0.3075	14.4249
0.31	14.4352
0.3125	14.4457
0.315	14.4562
0.3175	14.4668
0.32	14.4775
0.3225	14.4883
0.325	14.4991
0.3275	14.5101
0.33	14.5212
0.3325	14.5324
0.335	14.5436
0.3375	14.555
0.34	14.5664
0.3425	14.578
0.345	14.5896
0.3475	14.6014
0.35	14.6132
0.3525	14.6251
0.355	14.6371
0.3575	14.6493
0.36	14.6615
0.3625	14.6738
0.365	14.6862
0.3675	14.6987
0.37	14.7113
0.3725	14.724
0.375	14.7368
0.3775	14.7497
0.38	14.7626
0.3825	14.7757
0.385	14.7889
0.3875	14.8022
0.39	14.8155
0.3925	14.829
0.395	14.8425
0.3975	14.8562
0.4	14.8699
0.4025	14.8838
0.405	14.8977
0.4075	14.9118
0.41	14.9259
0.4125	14.9401
0.415	14.9545
0.4175	14.9689
0.42	14.9834
0.4225	14.998
0.425	15.0127
0.4275	15.0275
0.43	15.0424
0.4325	15.0574
0.435	15.0725
0.4375	15.0877
0.44	15.103
0.4425	15.1183
0.445	15.1338
0.4475	15.1494
0.45	15.165
0.4525	15.1808
0.455	15.1966
0.4575	15.2126
0.46	15.2286
0.4625	15.2447
0.465	15.261
0.4675	15.2773
0.47	15.2937
0.4725	15.3102
0.475	15.3268
0.4775	15.3435
0.48	15.3602
0.4825	15.3771
0.485	15.3941
0.4875	15.4111
0.49	15.4283
0.4925	15.4455
0.495	15.4628
0.4975	15.4802
0.5	15.4977
0.5025	15.5153
0.505	15.533
0.5075	15.5508
0.51	15.5686
0.5125	15.5866
0.515	15.6046
0.5175	15.6227
0.52	15.641
0.5225	15.6592
0.525	15.6776
0.5275	15.6961
0.53	15.7146
0.5325	15.7333
0.535	15.752
0.5375	15.7708
0.54	15.7897
0.5425	15.8087
0.545	15.8277
0.5475	15.8468
0.55	15.8661
0.5525	15.8853
0.555	15.9047
0.5575	15.9242
0.56	15.9437
0.5625	15.9633
0.565	15.983
0.5675	16.0028
0.57	16.0226
0.5725	16.0425
0.575	16.0625
0.5775	16.0826
0.58	16.1027
0.5825	16.123
0.585	16.1432
0.5875	16.1636
0.59	16.184
0.5925	16.2045
0.595	16.2251
0.5975	16.2457
0.6	16.2664
0.6025	16.2872
0.605	16.3081
0.6075	16.329
0.61	16.3499
0.6125	16.371
0.615	16.3921
0.6175	16.4132
0.62	16.4345
0.6225	16.4558
0.625	16.4771
0.6275	16.4985
0.63	16.52
0.6325	16.5415
0.635	16.5631
0.6375	16.5847
0.64	16.6064
0.6425	16.6281
0.645	16.6499
0.6475	16.6718
0.65	16.6937
0.6525	16.7156
0.655	16.7376
0.6575	16.7596
0.66	16.7817
0.6625	16.8039
0.665	16.826
0.6675	16.8483
0.67	16.8705
0.6725	16.8928
0.675	16.9152
0.6775	16.9376
0.68	16.96
0.6825	16.9824
0.685	17.0049
0.6875	17.0275
0.69	17.05
0.6925	17.0726
0.695	17.0952
0.6975	17.1179
0.7	17.1406
0.7025	17.1633
0.705	17.186
0.7075	17.2088
0.71	17.2316
0.7125	17.2544
0.715	17.2772
0.7175	17.3001
0.72	17.3229
0.7225	17.3458
0.725	17.3687
0.7275	17.3916
0.73	17.4146
0.7325	17.4375
0.735	17.4604
0.7375	17.4834
0.74	17.5064
0.7425	17.5293
0.745	17.5523
0.7475	17.5753
0.75	17.5983
0.7525	17.6213
0.755	17.6443
0.7575	17.6672
0.76	17.6902
0.7625	17.7132
0.765	17.7362
0.7675	17.7591
0.77	17.7821
0.7725	17.805
0.775	17.8279
0.7775	17.8508
0.78	17.8737
0.7825	17.8966
0.785	17.9195
0.7875	17.9423
0.79	17.9651
0.7925	17.9879
0.795	18.0107
0.7975	18.0334
0.8	18.0561
0.8025	18.0788
0.805	18.1015
0.8075	18.1241
0.81	18.1467
0.8125	18.1692
0.815	18.1917
0.8175	18.2142
0.82	18.2366
0.8225	18.259
0.825	18.2814
0.8275	18.3037
0.83	18.3259
0.8325	18.3481
0.835	18.3703
0.8375	18.3924
0.84	18.4144
0.8425	18.4364
0.845	18.4583
0.8475	18.4802
0.85	18.502
0.8525	18.5238
0.855	18.5455
0.8575	18.5671
0.86	18.5886
0.8625	18.6101
0.865	18.6315
0.8675	18.6528
0.87	18.6741
0.8725	18.6953
0.875	18.7164
0.8775	18.7374
0.88	18.7584
0.8825	18.7792
0.885	18.8
0.8875	18.8207
0.89	18.8413
0.8925	18.8618
0.895	18.8822
0.8975	18.9026
0.9	18.9228
0.9025	18.9429
0.905	18.963
0.9075	18.9829
0.91	19.0027
0.9125	19.0224
0.915	19.0421
0.9175	19.0616
0.92	19.081
0.9225	19.1003
0.925	19.1195
0.9275	19.1385
0.93	19.1575
0.9325	19.1763
0.935	19.195
0.9375	19.2136
0.94	19.2321
0.9425	19.2504
0.945	19.2686
0.9475	19.2867
0.95	19.3047
0.9525	19.3225
0.955	19.3402
0.9575	19.3578
0.96	19.3752
0.9625	19.3925
0.965	19.4096
0.9675	19.4266
0.97	19.4435
0.9725	19.4602
0.975	19.4768
0.9775	19.4932
0.98	19.5094
0.9825	19.5256
0.985	19.5415
0.9875	19.5573
0.99	19.573
0.9925	19.5885
0.995	19.6038
0.9975	19.619
1	19.634
1.0025	19.6489
1.005	19.6635
1.0075	19.6781
1.01	19.6924
1.0125	19.7066
1.015	19.7206
1.0175	19.7344
1.02	19.7481
1.0225	19.7615
1.025	19.7748
1.0275	19.7879
1.03	19.8009
1.0325	19.8136
1.035	19.8262
1.0375	19.8386
1.04	19.8508
1.0425	19.8628
1.045	19.8746
1.0475	19.8862
1.05	19.8977
1.0525	19.9089
1.055	19.92
1.0575	19.9308
1.06	19.9415
1.0625	19.9519
1.065	19.9622
1.0675	19.9722
1.07	19.9821
1.0725	19.9917
1.075	20.0011
1.0775	20.0104
1.08	20.0194
1.0825	20.0282
1.085	20.0368
1.0875	20.0452
1.09	20.0534
1.0925	20.0613
1.095	20.0691
1.0975	20.0766
1.1	20.0839
1.1025	20.091
1.105	20.0979
1.1075	20.1045
1.11	20.1109
1.1125	20.1171
1.115	20.1231
1.1175	20.1289
1.12	20.1344
1.1225	20.1397
1.125	20.1448
1.1275	20.1496
1.13	20.1542
1.1325	20.1586
1.135	20.1628
1.1375	20.1667
1.14	20.1704
1.1425	20.1738
1.145	20.177
1.1475	20.18
1.15	20.1828
1.1525	20.1853
1.155	20.1875
1.1575	20.1896
1.16	20.1913
1.1625	20.1929
1.165	20.1942
1.1675	20.1953
1.17	20.1961
1.1725	20.1967
1.175	20.197
1.1775	20.1971
1.18	20.1969
1.1825	20.1965
1.185	20.1959
1.1875	20.195
1.19	20.1938
1.1925	20.1924
1.195	20.1908
1.1975	20.1889
1.2	20.1868
1.2025	20.1844
1.205	20.1817
1.2075	20.1788
1.21	20.1757
1.2125	20.1723
1.215	20.1687
1.2175	20.1648
1.22	20.1606
1.2225	20.1562
1.225	20.1516
1.2275	20.1467
1.23	20.1415
1.2325	20.1361
1.235	20.1304
1.2375	20.1245
1.24	20.1183
1.2425	20.1119
1.245	20.1052
1.2475	20.0983
1.25	20.0911
1.2525	20.0837
1.255	20.076
1.2575	20.068
1.26	20.0598
1.2625	20.0514
1.265	20.0427
1.2675	20.0337
1.27	20.0245
1.2725	20.015
1.275	20.0053
1.2775	19.9953
1.28	19.9851
1.2825	19.9746
1.285	19.9638
1.2875	19.9529
1.29	19.9416
1.2925	19.9301
1.295	19.9184
1.2975	19.9064
1.3	19.8941
1.3025	19.8816
1.305	19.8689
1.3075	19.8559
1.31	19.8426
1.3125	19.8291
1.315	19.8154
1.3175	19.8014
1.32	19.7871
1.3225	19.7726
1.325	19.7579
1.3275	19.7429
1.33	19.7277
1.3325	19.7122
1.335	19.6965
1.3375	19.6805
1.34	19.6643
1.3425	19.6479
1.345	19.6312
1.3475	19.6142
1.35	19.5971
1.3525	19.5796
1.355	19.562
1.3575	19.5441
1.36	19.526
1.3625	19.5076
1.365	19.489
1.3675	19.4702
1.37	19.4511
1.3725	19.4318
1.375	19.4122
1.3775	19.3925
1.38	19.3725
1.3825	19.3522
1.385	19.3318
1.3875	19.3111
1.39	19.2901
1.3925	19.269
1.395	19.2476
1.3975	19.226
1.4	19.2042
1.4025	19.1822
1.405	19.1599
1.4075	19.1374
1.41	19.1147
1.4125	19.0918
1.415	19.0687
1.4175	19.0453
1.42	19.0217
1.4225	18.998
1.425	18.974
1.4275	18.9498
1.43	18.9253
1.4325	18.9007
1.435	18.8759
1.4375	18.8508
1.44	18.8256
1.4425	18.8001
1.445	18.7745
1.4475	18.7486
1.45	18.7226
1.4525	18.6963
1.455	18.6699
1.4575	18.6432
1.46	18.6164
1.4625	18.5893
1.465	18.5621
1.4675	18.5347
1.47	18.507
1.4725	18.4792
1.475	18.4512
1.4775	18.4231
1.48	18.3947
1.4825	18.3662
1.485	18.3374
1.4875	18.3085
1.49	18.2794
1.4925	18.2502
1.495	18.2207
1.4975	18.1911
1.5	18.1613
1.5025	18.1314
1.505	18.1013
1.5075	18.071
1.51	18.0405
1.5125	18.0099
1.515	17.9791
1.5175	17.9481
1.52	17.917
1.5225	17.8857
1.525	17.8543
1.5275	17.8227
1.53	17.791
1.5325	17.7591
1.535	17.727
1.5375	17.6948
1.54	17.6625
1.5425	17.63
1.545	17.5973
1.5475	17.5645
1.55	17.5316
1.5525	17.4985
1.555	17.4653
1.5575	17.432
1.56	17.3985
1.5625	17.3649
1.565	17.3311
1.5675	17.2972
1.57	17.2632
1.5725	17.2291
1.575	17.1948
1.5775	17.1604
1.58	17.1259
1.5825	17.0913
1.585	17.0565
1.5875	17.0217
1.59	16.9867
1.5925	16.9516
1.595	16.9164
1.5975	16.881
1.6	16.8456
1.6025	16.81
1.605	16.7744
1.6075	16.7386
1.61	16.7028
1.6125	16.6668
1.615	16.6307
1.6175	16.5946
1.62	16.5583
1.6225	16.522
1.625	16.4855
1.6275	16.449
1.63	16.4123
1.6325	16.3756
1.635	16.3388
1.6375	16.3019
1.64	16.2649
1.6425	16.2279
1.645	16.1907
1.6475	16.1535
1.65	16.1162
1.6525	16.0788
1.655	16.0414
1.6575	16.0039
1.66	15.9663
1.6625	15.9286
1.665	15.8909
1.6675	15.8531
1.67	15.8152
1.6725	15.7773
1.675	15.7393
1.6775	15.7013
1.68	15.6632
1.6825	15.625
1.685	15.5868
1.6875	15.5485
1.69	15.5102
1.6925	15.4718
1.695	15.4334
1.6975	15.395
1.7	15.3564
1.7025	15.3179
1.705	15.2793
1.7075	15.2406
1.71	15.202
1.7125	15.1632
1.715	15.1245
1.7175	15.0857
1.72	15.0469
1.7225	15.008
1.725	14.9691
1.7275	14.9302
1.73	14.8913
1.7325	14.8523
1.735	14.8133
1.7375	14.7743
1.74	14.7352
1.7425	14.6962
1.745	14.6571
1.7475	14.618
1.75	14.5788
1.7525	14.5397
1.755	14.5006
1.7575	14.4614
1.76	14.4222
1.7625	14.3831
1.765	14.3439
1.7675	14.3047
1.77	14.2655
1.7725	14.2263
1.775	14.1871
1.7775	14.1479
1.78	14.1086
1.7825	14.0694
1.785	14.0302
1.7875	13.991
1.79	13.9518
1.7925	13.9126
1.795	13.8735
1.7975	13.8343
1.8	13.7951
1.8025	13.756
1.805	13.7168
1.8075	13.6777
1.81	13.6386
1.8125	13.5995
1.815	13.5604
1.8175	13.5214
1.82	13.4823
1.8225	13.4433
1.825	13.4043
1.8275	13.3653
1.83	13.3264
1.8325	13.2875
1.835	13.2486
1.8375	13.2097
1.84	13.1708
1.8425	13.132
1.845	13.0933
1.8475	13.0545
1.85	13.0158
1.8525	12.9771
1.855	12.9385
1.8575	12.8999
1.86	12.8613
1.8625	12.8227
1.865	12.7842
1.8675	12.7458
1.87	12.7074
1.8725	12.669
1.875	12.6307
1.8775	12.5924
1.88	12.5542
1.8825	12.516
1.885	12.4778
1.8875	12.4397
1.89	12.4017
1.8925	12.3637
1.895	12.3257
1.8975	12.2878
1.9	12.25
1.9025	12.2122
1.905	12.1744
1.9075	12.1367
1.91	12.0991
1.9125	12.0615
1.915	12.024
1.9175	11.9866
1.92	11.9492
1.9225	11.9118
1.925	11.8745
1.9275	11.8373
1.93	11.8002
1.9325	11.7631
1.935	11.726
1.9375	11.6891
1.94	11.6522
1.9425	11.6153
1.945	11.5785
1.9475	11.5418
1.95	11.5052
1.9525	11.4686
1.955	11.4321
1.9575	11.3957
1.96	11.3593
1.9625	11.323
1.965	11.2868
1.9675	11.2507
1.97	11.2146
1.9725	11.1786
1.975	11.1427
1.9775	11.1068
1.98	11.071
1.9825	11.0353
1.985	10.9997
1.9875	10.9641
1.99	10.9287
1.9925	10.8933
1.995	10.8579
1.9975	10.8227
2	10.7875
2.0025	10.7525
2.005	10.7175
2.0075	10.6825
2.01	10.6477
2.0125	10.6129
2.015	10.5782
2.0175	10.5436
2.02	10.5091
2.0225	10.4747
2.025	10.4403
2.0275	10.4061
2.03	10.3719
2.0325	10.3378
2.035	10.3038
2.0375	10.2698
2.04	10.236
2.0425	10.2022
2.045	10.1686
2.0475	10.135
2.05	10.1015
2.0525	10.0681
2.055	10.0347
2.0575	10.0015
2.06	9.96836
2.0625	9.9353
2.065	9.90233
2.0675	9.86945
2.07	9.83665
2.0725	9.80395
2.075	9.77133
2.0775	9.73881
2.08	9.70637
2.0825	9.67403
2.085	9.64177
2.0875	9.60961
2.09	9.57753
2.0925	9.54555
2.095	9.51366
2.0975	9.48186
2.1	9.45015
2.1025	9.41853
2.105	9.38701
2.1075	9.35557
2.11	9.32423
2.1125	9.29299
2.115	9.26183
2.1175	9.23077
2.12	9.19979
2.1225	9.16892
2.125	9.13813
2.1275	9.10744
2.13	9.07684
2.1325	9.04633
2.135	9.01592
2.1375	8.9856
2.14	8.95538
2.1425	8.92524
2.145	8.89521
2.1475	8.86526
2.15	8.83541
2.1525	8.80565
2.155	8.77599
2.1575	8.74642
2.16	8.71694
2.1625	8.68756
2.165	8.65827
2.1675	8.62907
2.17	8.59997
2.1725	8.57097
2.175	8.54205
2.1775	8.51323
2.18	8.48451
2.1825	8.45588
2.185	8.42734
2.1875	8.39889
2.19	8.37054
2.1925	8.34229
2.195	8.31412
2.1975	8.28605
2.2	8.25808
2.2025	8.2302
2.205	8.20241
2.2075	8.17471
2.21	8.14711
2.2125	8.1196
2.215	8.09219
2.2175	8.06486
2.22	8.03764
2.2225	8.0105
2.225	7.98346
2.2275	7.9565
2.23	7.92965
2.2325	7.90288
2.235	7.87621
2.2375	7.84963
2.24	7.82314
2.2425	7.79674
2.245	7.77044
2.2475	7.74423
2.25	7.71811
2.2525	7.69208
2.255	7.66614
2.2575	7.6403
2.26	7.61454
2.2625	7.58888
2.265	7.56331
2.2675	7.53782
2.27	7.51243
2.2725	7.48713
2.275	7.46192
2.2775	7.4368
2.28	7.41177
2.2825	7.38684
2.285	7.36199
2.2875	7.33722
2.29	7.31255
2.2925	7.28797
2.295	7.26348
2.2975	7.23908
2.3	7.21476
2.3025	7.19053
2.305	7.1664
2.3075	7.14235
2.31	7.11838
2.3125	7.09451
2.315	7.07072
2.3175	7.04702
2.32	7.02341
2.3225	6.99988
2.325	6.97645
2.3275	6.95309
2.33	6.92983
2.3325	6.90665
2.335	6.88355
2.3375	6.86055
2.34	6.83762
2.3425	6.81479
2.345	6.79204
2.3475	6.76937
2.35	6.74679
2.3525	6.72429
2.355	6.70187
2.3575	6.67955
2.36	6.6573
2.3625	6.63514
2.365	6.61306
2.3675	6.59106
2.37	6.56915
2.3725	6.54732
2.375	6.52557
2.3775	6.50391
2.38	6.48232
2.3825	6.46082
2.385	6.4394
2.3875	6.41806
2.39	6.3968
2.3925	6.37562
2.395	6.35453
2.3975	6.33351
2.4	6.31257
2.4025	6.29172
2.405	6.27094
2.4075	6.25024
2.41	6.22962
2.4125	6.20908
2.415	6.18862
2.4175	6.16824
2.42	6.14793
2.4225	6.1277
2.425	6.10755
2.4275	6.08748
2.43	6.06748
2.4325	6.04757
2.435	6.02772
2.4375	6.00796
2.44	5.98827
2.4425	5.96865
2.445	5.94912
2.4475	5.92965
2.45	5.91026
2.4525	5.89095
2.455	5.87171
2.4575	5.85255
2.46	5.83346
2.4625	5.81444
2.465	5.7955
2.4675	5.77663
2.47	5.75783
2.4725	5.73911
2.475	5.72046
2.4775	5.70188
2.48	5.68337
2.4825	5.66493
2.485	5.64657
2.4875	5.62828
2.49	5.61005
2.4925	5.5919
2.495	5.57382
2.4975	5.55581
